Satisfaction Totale : 100.0%


Course 0:
None
[0,8,27,36,37,41,46,49,50,60,62,64,69,73,76,77,85,87,90,92,93,97,102,104,105]

Course 1:
None
[1,4,8,14,22,25,28,48,49,51,60,78,79,80,82,83,86,89,93,105,109,115,117,118,121,124]

Course 2:
None
[3,6,7,11,14,16,18,38,41,43,44,45,48,50,52,56,64,66,84,87,88,94,101,106,110,112,113,115,119]

Course 3:
None
[0,6,9,33,37,56,57,58,66,67,72,73,74,85,90,94,98,104,108,115,116]

Course 4:
None
[0,8,9,12,13,14,15,17,21,32,35,40,42,43,47,48,58,60,68,72,73,80,84,90,91,92,97,106,107,120,123,124]

Course 5:
None
[7,9,13,19,20,27,31,38,40,44,52,55,59,62,64,68,70,80,93,110,112,113,114,119,121,122]

Course 6:
None
[1,2,4,5,13,16,23,24,30,31,39,45,46,53,54,57,63,74,77,81,83,87,99,100,101,103,113,120,122,123]

Course 7:
None
[4,5,17,20,26,28,29,31,32,33,34,41,47,48,65,68,74,75,81,90,91,99,103,107,109,114,117,122]

Course 8:
None
[0,15,18,30,34,35,39,42,45,46,51,53,55,61,63,65,67,71,85,86,88,91,98,101,110,114,116,118,119,120,123]

Course 9:
None
[1,7,9,10,17,20,23,28,29,30,32,34,37,38,61,66,67,75,79,81,89,92,93,95,102,103,106,111,115,116,117,119]

Course 10:
None
[4,11,12,17,18,22,26,27,36,39,43,46,52,53,54,67,71,76,83,88,91,118]

Course 11:
None
[1,2,7,12,18,32,34,35,37,47,51,53,56,57,62,65,71,72,82,89,97,103,107,109,112,114]

Course 12:
None
[6,10,15,16,25,33,38,39,40,44,47,50,52,56,59,63,75,88,92,96,97,98,99,100,108,109,111,112,122]

Course 13:
None
[3,5,8,11,19,21,22,24,26,29,30,40,42,49,55,58,61,69,70,76,78,85,96,98,101,104,106,107,108,111,121]

Course 14:
None
[10,15,22,23,25,31,36,43,50,55,61,62,64,70,71,72,73,74,78,79,81,87,95,96,102,111,116,124]

Course 15:
None
[2,3,6,10,20,21,23,25,42,51,63,65,69,76,78,82,84,86,94,95,99,105,117,121]

Course 16:
None
[2,5,11,16,19,24,26,35,36,45,54,59,66,75,77,82,83,84,86,89,94,100,113,118,120]

Course 17:
None
[3,12,13,14,19,21,24,27,28,29,33,41,44,49,54,57,58,59,60,68,69,70,77,79,80,95,96,100,102,104,105,108]




Student 0:
[4,8,0,3,1]
[1]
[4,8,0,3]
100.0%

Student 1:
[6,1,9,11,15]
[15]
[6,1,9,11]
100.0%

Student 2:
[11,6,15,16,10]
[10]
[11,6,15,16]
100.0%

Student 3:
[17,13,15,2,11]
[11]
[17,13,15,2]
100.0%

Student 4:
[7,6,1,10,14]
[14]
[7,6,1,10]
100.0%

Student 5:
[16,6,13,7,8]
[8]
[16,6,13,7]
100.0%

Student 6:
[12,3,2,15,11]
[11]
[12,3,2,15]
100.0%

Student 7:
[11,9,2,5,16]
[16]
[11,9,2,5]
100.0%

Student 8:
[13,4,1,0,2]
[2]
[13,4,1,0]
100.0%

Student 9:
[5,9,4,3,15]
[15]
[5,9,4,3]
100.0%

Student 10:
[12,15,14,9,0]
[0]
[12,15,14,9]
100.0%

Student 11:
[2,16,10,13,15]
[15]
[2,16,10,13]
100.0%

Student 12:
[4,11,10,17,16]
[16]
[4,11,10,17]
100.0%

Student 13:
[17,4,5,6,14]
[14]
[17,4,5,6]
100.0%

Student 14:
[1,17,2,4,0]
[0]
[1,17,2,4]
100.0%

Student 15:
[12,8,14,4,7]
[7]
[12,8,14,4]
100.0%

Student 16:
[6,16,12,2,0]
[0]
[6,16,12,2]
100.0%

Student 17:
[10,4,9,7,12]
[12]
[10,4,9,7]
100.0%

Student 18:
[2,8,10,11,15]
[15]
[2,8,10,11]
100.0%

Student 19:
[13,5,16,17,3]
[3]
[13,5,16,17]
100.0%

Student 20:
[5,15,7,9,0]
[0]
[5,15,7,9]
100.0%

Student 21:
[17,4,13,15,7]
[7]
[17,4,13,15]
100.0%

Student 22:
[13,14,10,1,12]
[12]
[13,14,10,1]
100.0%

Student 23:
[6,15,14,9,4]
[4]
[6,15,14,9]
100.0%

Student 24:
[17,6,13,16,11]
[11]
[17,6,13,16]
100.0%

Student 25:
[1,15,14,12,6]
[6]
[1,15,14,12]
100.0%

Student 26:
[16,7,13,10,5]
[5]
[16,7,13,10]
100.0%

Student 27:
[17,5,10,0,8]
[8]
[17,5,10,0]
100.0%

Student 28:
[9,7,17,1,16]
[16]
[9,7,17,1]
100.0%

Student 29:
[13,17,7,9,1]
[1]
[13,17,7,9]
100.0%

Student 30:
[9,8,6,13,1]
[1]
[9,8,6,13]
100.0%

Student 31:
[7,14,5,6,12]
[12]
[7,14,5,6]
100.0%

Student 32:
[11,4,7,9,12]
[12]
[11,4,7,9]
100.0%

Student 33:
[12,3,7,17,13]
[13]
[12,3,7,17]
100.0%

Student 34:
[11,7,8,9,5]
[5]
[11,7,8,9]
100.0%

Student 35:
[4,16,8,11,17]
[17]
[4,16,8,11]
100.0%

Student 36:
[0,16,14,10,6]
[6]
[0,16,14,10]
100.0%

Student 37:
[0,11,9,3,8]
[8]
[0,11,9,3]
100.0%

Student 38:
[2,5,9,12,0]
[0]
[2,5,9,12]
100.0%

Student 39:
[8,12,10,6,13]
[13]
[8,12,10,6]
100.0%

Student 40:
[12,13,4,5,14]
[14]
[12,13,4,5]
100.0%

Student 41:
[7,2,0,17,9]
[9]
[7,2,0,17]
100.0%

Student 42:
[13,8,15,4,2]
[2]
[13,8,15,4]
100.0%

Student 43:
[2,10,14,4,0]
[0]
[2,10,14,4]
100.0%

Student 44:
[2,17,5,12,9]
[9]
[2,17,5,12]
100.0%

Student 45:
[8,16,6,2,3]
[3]
[8,16,6,2]
100.0%

Student 46:
[0,8,10,6,7]
[7]
[0,8,10,6]
100.0%

Student 47:
[4,12,7,11,17]
[17]
[4,12,7,11]
100.0%

Student 48:
[4,7,2,1,9]
[9]
[4,7,2,1]
100.0%

Student 49:
[17,13,1,0,12]
[12]
[17,13,1,0]
100.0%

Student 50:
[2,14,0,12,13]
[13]
[2,14,0,12]
100.0%

Student 51:
[8,11,1,15,4]
[4]
[8,11,1,15]
100.0%

Student 52:
[5,12,10,2,1]
[1]
[5,12,10,2]
100.0%

Student 53:
[11,6,8,10,9]
[9]
[11,6,8,10]
100.0%

Student 54:
[10,6,17,16,7]
[7]
[10,6,17,16]
100.0%

Student 55:
[8,5,14,13,16]
[16]
[8,5,14,13]
100.0%

Student 56:
[2,11,3,12,5]
[5]
[2,11,3,12]
100.0%

Student 57:
[6,17,3,11,7]
[7]
[6,17,3,11]
100.0%

Student 58:
[13,3,17,4,1]
[1]
[13,3,17,4]
100.0%

Student 59:
[17,16,12,5,11]
[11]
[17,16,12,5]
100.0%

Student 60:
[17,0,1,4,6]
[6]
[17,0,1,4]
100.0%

Student 61:
[9,8,14,13,16]
[16]
[9,8,14,13]
100.0%

Student 62:
[11,14,5,0,3]
[3]
[11,14,5,0]
100.0%

Student 63:
[6,8,12,15,11]
[11]
[6,8,12,15]
100.0%

Student 64:
[14,0,2,5,4]
[4]
[14,0,2,5]
100.0%

Student 65:
[15,11,8,7,4]
[4]
[15,11,8,7]
100.0%

Student 66:
[3,2,9,16,8]
[8]
[3,2,9,16]
100.0%

Student 67:
[8,10,3,9,0]
[0]
[8,10,3,9]
100.0%

Student 68:
[5,17,4,7,11]
[11]
[5,17,4,7]
100.0%

Student 69:
[17,15,0,13,5]
[5]
[17,15,0,13]
100.0%

Student 70:
[17,5,14,13,12]
[12]
[17,5,14,13]
100.0%

Student 71:
[14,10,11,8,0]
[0]
[14,10,11,8]
100.0%

Student 72:
[4,3,11,14,5]
[5]
[4,3,11,14]
100.0%

Student 73:
[14,3,4,0,15]
[15]
[14,3,4,0]
100.0%

Student 74:
[6,14,7,3,11]
[11]
[6,14,7,3]
100.0%

Student 75:
[9,7,16,12,2]
[2]
[9,7,16,12]
100.0%

Student 76:
[13,0,15,10,2]
[2]
[13,0,15,10]
100.0%

Student 77:
[17,6,0,16,14]
[14]
[17,6,0,16]
100.0%

Student 78:
[14,1,15,13,6]
[6]
[14,1,15,13]
100.0%

Student 79:
[14,1,9,17,4]
[4]
[14,1,9,17]
100.0%

Student 80:
[17,1,4,5,6]
[6]
[17,1,4,5]
100.0%

Student 81:
[6,14,7,9,15]
[15]
[6,14,7,9]
100.0%

Student 82:
[15,1,16,11,9]
[9]
[15,1,16,11]
100.0%

Student 83:
[6,1,10,16,12]
[12]
[6,1,10,16]
100.0%

Student 84:
[15,2,4,16,6]
[6]
[15,2,4,16]
100.0%

Student 85:
[13,3,0,8,6]
[6]
[13,3,0,8]
100.0%

Student 86:
[1,16,8,15,14]
[14]
[1,16,8,15]
100.0%

Student 87:
[0,2,14,6,7]
[7]
[0,2,14,6]
100.0%

Student 88:
[10,8,12,2,15]
[15]
[10,8,12,2]
100.0%

Student 89:
[9,11,1,16,13]
[13]
[9,11,1,16]
100.0%

Student 90:
[0,3,4,7,14]
[14]
[0,3,4,7]
100.0%

Student 91:
[4,8,10,7,14]
[14]
[4,8,10,7]
100.0%

Student 92:
[4,12,9,0,10]
[10]
[4,12,9,0]
100.0%

Student 93:
[0,1,5,9,11]
[11]
[0,1,5,9]
100.0%

Student 94:
[2,15,3,16,7]
[7]
[2,15,3,16]
100.0%

Student 95:
[15,14,9,17,11]
[11]
[15,14,9,17]
100.0%

Student 96:
[13,12,14,17,8]
[8]
[13,12,14,17]
100.0%

Student 97:
[12,0,4,11,13]
[13]
[12,0,4,11]
100.0%

Student 98:
[8,13,12,3,17]
[17]
[8,13,12,3]
100.0%

Student 99:
[7,6,12,15,10]
[10]
[7,6,12,15]
100.0%

Student 100:
[12,16,17,6,5]
[5]
[12,16,17,6]
100.0%

Student 101:
[8,2,6,13,1]
[1]
[8,2,6,13]
100.0%

Student 102:
[17,9,14,0,15]
[15]
[17,9,14,0]
100.0%

Student 103:
[6,9,11,7,2]
[2]
[6,9,11,7]
100.0%

Student 104:
[3,17,13,0,4]
[4]
[3,17,13,0]
100.0%

Student 105:
[15,17,1,0,3]
[3]
[15,17,1,0]
100.0%

Student 106:
[9,2,13,4,8]
[8]
[9,2,13,4]
100.0%

Student 107:
[7,11,4,13,10]
[10]
[7,11,4,13]
100.0%

Student 108:
[12,3,13,17,5]
[5]
[12,3,13,17]
100.0%

Student 109:
[1,7,11,12,14]
[14]
[1,7,11,12]
100.0%

Student 110:
[5,8,17,2,15]
[17,15]
[5,8,2]
100.0%

Student 111:
[13,9,14,12,2]
[2]
[13,9,14,12]
100.0%

Student 112:
[12,11,2,5,9]
[9]
[12,11,2,5]
100.0%

Student 113:
[5,6,16,2,8]
[8]
[5,6,16,2]
100.0%

Student 114:
[11,8,5,7,10]
[10]
[11,8,5,7]
100.0%

Student 115:
[2,1,9,3,15]
[15]
[2,1,9,3]
100.0%

Student 116:
[3,8,14,9,15]
[15]
[3,8,14,9]
100.0%

Student 117:
[7,15,1,9,6]
[6]
[7,15,1,9]
100.0%

Student 118:
[16,1,8,10,2]
[2]
[16,1,8,10]
100.0%

Student 119:
[5,2,8,9,4]
[4]
[5,2,8,9]
100.0%

Student 120:
[16,8,6,4,11]
[11]
[16,8,6,4]
100.0%

Student 121:
[1,5,15,13,8]
[8]
[1,5,15,13]
100.0%

Student 122:
[5,7,6,12,15]
[15]
[5,7,6,12]
100.0%

Student 123:
[8,4,6,9,0]
[9,0]
[8,4,6]
100.0%

Student 124:
[1,17,4,14,7]
[17,7]
[1,4,14]
100.0%

